Vertex Count: 516

Data:

65 73 35 0.691294 0.611692 0 1 4.37114e-008
65 73 -35 0.691294 0.965176 0 1 4.37114e-008
-65 73 -35 0.0348237 0.965176 0 1 4.37114e-008
-65 73 -35 0.0348237 0.965176 0 1 4.37114e-008
-65 73 35 0.0348234 0.611692 0 1 4.37114e-008
65 73 35 0.691294 0.611692 0 1 4.37114e-008
65 73 -35 0.691294 0.965176 0 4.37114e-008 -1
65 70 -35 0.691294 0.980326 0 4.37114e-008 -1
-65 70 -35 0.0348235 0.980326 0 4.37114e-008 -1
-65 70 -35 0.0348235 0.980326 0 4.37114e-008 -1
-65 73 -35 0.0348237 0.965176 0 4.37114e-008 -1
65 73 -35 0.691294 0.965176 0 4.37114e-008 -1
65 73 35 0.691294 0.611692 1 0 -0
65 70 35 0.706444 0.611692 1 0 -0
65 70 -35 0.706444 0.965176 1 0 -0
65 70 -35 0.706444 0.965176 1 0 -0
65 73 -35 0.691294 0.965176 1 0 -0
65 73 35 0.691294 0.611692 1 0 -0
-65 73 35 0.0348234 0.611692 0 -4.37114e-008 1
-65 70 35 0.0348234 0.596543 0 -4.37114e-008 1
65 70 35 0.691294 0.596543 0 -4.37114e-008 1
65 70 35 0.691294 0.596543 0 -4.37114e-008 1
65 73 35 0.691294 0.611692 0 -4.37114e-008 1
-65 73 35 0.0348234 0.611692 0 -4.37114e-008 1
-65 73 -35 0.0348237 0.965176 -1 0 0
-65 70 -35 0.0196743 0.965176 -1 0 0
-65 70 35 0.0196743 0.611692 -1 0 0
-65 70 35 0.0196743 0.611692 -1 0 0
-65 73 35 0.0348234 0.611692 -1 0 0
-65 73 -35 0.0348237 0.965176 -1 0 0
-62.5 70 32.5 0.00704983 0.624317 0 -1 -4.37114e-008
-65 70 35 0.0196743 0.611692 0 -1 -4.37114e-008
-65 70 -35 0.0196743 0.965176 0 -1 -4.37114e-008
-62.5 70 27.5 0.00704983 0.649565 0 -1 -4.37114e-008
-62.5 70 32.5 0.00704983 0.624317 0 -1 -4.37114e-008
-65 70 -35 0.0196743 0.965176 0 -1 -4.37114e-008
-61.5 70 27.5 0.002 0.649565 0 -1 -4.37114e-008
-62.5 70 27.5 0.00704983 0.649565 0 -1 -4.37114e-008
-65 70 -35 0.0196743 0.965176 0 -1 -4.37114e-008
-61.5 70 -27.5 0.002 0.927303 0 -1 -4.37114e-008
-61.5 70 27.5 0.002 0.649565 0 -1 -4.37114e-008
-65 70 -35 0.0196743 0.965176 0 -1 -4.37114e-008
-62.5 70 -27.5 0.00704986 0.927303 0 1 4.37114e-008
-61.5 70 -27.5 0.002 0.927303 0 -1 -4.37114e-008
-65 70 -35 0.0196743 0.965176 0 -1 -4.37114e-008
-62.5 70 -32.5 0.00704986 0.952552 0 -1 -4.37114e-008
-62.5 70 -27.5 0.00704986 0.927303 0 1 4.37114e-008
-65 70 -35 0.0196743 0.965176 0 -1 -4.37114e-008
57.5 63 -28.5 0.582724 0.427045 0 -1 -4.37114e-008
-57.5 63 -28.5 0.002 0.427045 0 -1 -4.37114e-008
-57.5 63 -31.5 0.002 0.411896 0 -1 -4.37114e-008
-57.5 63 -31.5 0.002 0.411896 0 -1 -4.37114e-008
57.5 63 -31.5 0.582724 0.411896 0 -1 -4.37114e-008
57.5 63 -28.5 0.582724 0.427045 0 -1 -4.37114e-008
61.5 63 -27.5 0.221295 0.310734 0 -1 -4.37114e-008
61.5 63 27.5 0.499033 0.310734 0 -1 -4.37114e-008
58.5 63 27.5 0.499033 0.325884 0 -1 -4.37114e-008
58.5 63 27.5 0.499033 0.325884 0 -1 -4.37114e-008
58.5 63 -27.5 0.221295 0.325884 0 -1 -4.37114e-008
61.5 63 -27.5 0.221295 0.310734 0 -1 -4.37114e-008
57.5 63 31.5 0.00200048 0.513061 0 -1 -4.37114e-008
-57.5 63 31.5 0.582775 0.513059 0 -1 -4.37114e-008
-57.5 63 28.5 0.582776 0.528203 0 -1 -4.37114e-008
-57.5 63 28.5 0.582776 0.528203 0 -1 -4.37114e-008
57.5 63 28.5 0.00200089 0.528204 0 -1 -4.37114e-008
57.5 63 31.5 0.00200048 0.513061 0 -1 -4.37114e-008
62.5 70 -27.5 0.719068 0.927303 0 -1 -4.37114e-008
62.5 70 -32.5 0.719068 0.952552 0 -1 -4.37114e-008
65 70 -35 0.706444 0.965176 0 -1 -4.37114e-008
61.5 70 27.5 0.724118 0.649565 0 -1 -4.37114e-008
62.5 70 -27.5 0.719068 0.927303 0 -1 -4.37114e-008
65 70 -35 0.706444 0.965176 0 -1 -4.37114e-008
62.5 70 27.5 0.719068 0.649565 0 -1 -4.37114e-008
61.5 70 27.5 0.724118 0.649565 0 -1 -4.37114e-008
65 70 -35 0.706444 0.965176 0 -1 -4.37114e-008
62.5 70 27.5 0.719068 0.649565 0 -1 -4.37114e-008
65 70 -35 0.706444 0.965176 0 -1 -4.37114e-008
65 70 35 0.706444 0.611692 0 -1 -4.37114e-008
61.5 70 27.5 0.724118 0.649565 0 -1 -4.37114e-008
61.5 70 -27.5 0.724118 0.927303 0 -1 -4.37114e-008
62.5 70 -27.5 0.719068 0.927303 0 -1 -4.37114e-008
62.5 70 32.5 0.719068 0.624317 0 -1 -4.37114e-008
62.5 70 27.5 0.719068 0.649565 0 -1 -4.37114e-008
65 70 35 0.706444 0.611692 0 -1 -4.37114e-008
-58.5 63 -27.5 0.498953 0.22538 0 -1 -4.37114e-008
-58.5 63 27.5 0.221215 0.22538 0 -1 -4.37114e-008
-61.5 63 27.5 0.221215 0.210231 0 -1 -4.37114e-008
-61.5 63 27.5 0.221215 0.210231 0 -1 -4.37114e-008
-61.5 63 -27.5 0.498953 0.210231 0 -1 -4.37114e-008
-58.5 63 -27.5 0.498953 0.22538 0 -1 -4.37114e-008
-57.5 70 27.5 0.0704913 0.649961 0 -1 -4.37114e-008
-58.5 70 27.5 0.637911 0.649961 0 -1 -4.37114e-008
-58.5 70 -27.5 0.637911 0.926396 0 -1 -4.37114e-008
-57.5 70 27.5 0.0704913 0.649961 0 -1 -4.37114e-008
-58.5 70 -27.5 0.637911 0.926396 0 -1 -4.37114e-008
-57.5 70 -27.5 0.0704913 0.926396 0 -1 -4.37114e-008
57.5 70 28.5 0.637911 0.926396 0 -1 -4.37114e-008
-57.5 70 28.5 0.0704913 0.926396 0 -1 -4.37114e-008
-57.5 70 27.5 0.0704913 0.649961 0 -1 -4.37114e-008
57.5 70 27.5 0.637911 0.649961 0 -1 -4.37114e-008
57.5 70 28.5 0.637911 0.926396 0 -1 -4.37114e-008
-57.5 70 27.5 0.0704913 0.649961 0 -1 -4.37114e-008
58.5 70 -27.5 0.0704913 0.926396 0 -1 -4.37114e-008
58.5 70 27.5 0.0704913 0.649961 0 -1 -4.37114e-008
57.5 70 27.5 0.637911 0.649961 0 -1 -4.37114e-008
57.5 70 -27.5 0.637911 0.926396 0 -1 -4.37114e-008
58.5 70 -27.5 0.0704913 0.926396 0 -1 -4.37114e-008
57.5 70 27.5 0.637911 0.649961 0 -1 -4.37114e-008
57.5 70 -27.5 0.637911 0.926396 0 -1 -4.37114e-008
57.5 70 27.5 0.637911 0.649961 0 -1 -4.37114e-008
-57.5 70 27.5 0.0704913 0.649961 0 -1 -4.37114e-008
57.5 70 -27.5 0.637911 0.926396 0 -1 -4.37114e-008
-57.5 70 27.5 0.0704913 0.649961 0 -1 -4.37114e-008
-57.5 70 -27.5 0.0704913 0.926396 0 -1 -4.37114e-008
57.5 70 -27.5 0.637911 0.926396 0 -1 -4.37114e-008
-57.5 70 -27.5 0.0704913 0.926396 0 -1 -4.37114e-008
-57.5 70 -28.5 0.0704913 0.649961 0 -1 -4.37114e-008
57.5 70 -28.5 0.637911 0.649961 0 -1 -4.37114e-008
57.5 70 -27.5 0.637911 0.926396 0 -1 -4.37114e-008
-57.5 70 -28.5 0.0704913 0.649961 0 -1 -4.37114e-008
61.8339 7.62939e-006 -27.8997 0.532898 0.360738 0 -1 -4.37114e-008
57.8997 7.62939e-006 -27.8997 0.516255 0.360738 0 -1 -4.37114e-008
57.8997 7.62939e-006 -31.8339 0.516255 0.344095 0 -1 -4.37114e-008
57.8997 7.62939e-006 -31.8339 0.516255 0.344095 0 -1 -4.37114e-008
61.8339 7.62939e-006 -31.8339 0.532898 0.344095 0 -1 -4.37114e-008
61.8339 7.62939e-006 -27.8997 0.532898 0.360738 0 -1 -4.37114e-008
57.8997 7.62939e-006 31.8339 0.516255 0.360738 0 -1 -4.37114e-008
57.8997 7.62939e-006 27.8997 0.516255 0.344095 0 -1 -4.37114e-008
61.8339 7.62939e-006 27.8997 0.532898 0.344095 0 -1 -4.37114e-008
61.8339 7.62939e-006 27.8997 0.532898 0.344095 0 -1 -4.37114e-008
61.8339 7.62939e-006 31.8339 0.532898 0.360738 0 -1 -4.37114e-008
57.8997 7.62939e-006 31.8339 0.516255 0.360738 0 -1 -4.37114e-008
-61.8339 7.62939e-006 27.8997 0.516255 0.344095 0 -1 -4.37114e-008
-57.8997 7.62939e-006 27.8997 0.532898 0.344095 0 -1 -4.37114e-008
-57.8997 7.62939e-006 31.8339 0.532898 0.360738 0 -1 -4.37114e-008
-57.8997 7.62939e-006 31.8339 0.532898 0.360738 0 -1 -4.37114e-008
-61.8339 7.62939e-006 31.8339 0.516255 0.360738 0 -1 -4.37114e-008
-61.8339 7.62939e-006 27.8997 0.516255 0.344095 0 -1 -4.37114e-008
-57.8997 7.62939e-006 -31.8339 0.532898 0.344095 0 -1 -4.37114e-008
-57.8997 7.62939e-006 -27.8997 0.532898 0.360738 0 -1 -4.37114e-008
-61.8339 7.62939e-006 -27.8997 0.516255 0.360738 0 -1 -4.37114e-008
-61.8339 7.62939e-006 -27.8997 0.516255 0.360738 0 -1 -4.37114e-008
-61.8339 7.62939e-006 -31.8339 0.516255 0.344095 0 -1 -4.37114e-008
-57.8997 7.62939e-006 -31.8339 0.532898 0.344095 0 -1 -4.37114e-008
57.5 63 -32.5 0.00257317 0.0419232 0 4.37114e-008 -1
57.5 70 -32.5 0.002 0.00638211 0 4.37114e-008 -1
62.5 70 -32.5 0.0272535 0.0061903 0 4.37114e-008 -1
62.5 70 -32.5 0.0272535 0.0061903 0 4.37114e-008 -1
62.5 63 -32.5 0.0279365 0.0415831 0 4.37114e-008 -1
57.5 63 -32.5 0.00257317 0.0419232 0 4.37114e-008 -1
57.5 63 -31.5 0.0938204 0.0412086 -1 0 0
57.5 70 -31.5 0.0937461 0.00570887 -1 0 0
57.5 70 -32.5 0.0986578 0.00573611 -1 0 0
57.5 70 -32.5 0.0986578 0.00573611 -1 0 0
57.5 63 -32.5 0.098181 0.0412213 -1 0 0
57.5 63 -31.5 0.0938204 0.0412086 -1 0 0
-57.5 63 -31.5 0.002 0.411896 0 4.37114e-008 -1
-57.5 70 -31.5 0.00200007 0.376547 0 4.37114e-008 -1
57.5 70 -31.5 0.582724 0.376548 0 4.37114e-008 -1
57.5 70 -31.5 0.582724 0.376548 0 4.37114e-008 -1
57.5 63 -31.5 0.582724 0.411896 0 4.37114e-008 -1
-57.5 63 -31.5 0.002 0.411896 0 4.37114e-008 -1
-57.5 63 -32.5 0.902485 0.678351 1 0 -0
-57.5 70 -32.5 0.902341 0.642876 1 0 -0
-57.5 70 -31.5 0.906907 0.642867 1 0 -0
-57.5 70 -31.5 0.906907 0.642867 1 0 -0
-57.5 63 -31.5 0.906686 0.678334 1 0 -0
-57.5 63 -32.5 0.902485 0.678351 1 0 -0
-62.5 63 -32.5 0.878154 0.678392 0 4.37114e-008 -1
-62.5 70 -32.5 0.87754 0.64299 0 4.37114e-008 -1
-57.5 70 -32.5 0.902341 0.642876 0 4.37114e-008 -1
-57.5 70 -32.5 0.902341 0.642876 0 4.37114e-008 -1
-57.5 63 -32.5 0.902485 0.678351 0 4.37114e-008 -1
-62.5 63 -32.5 0.878154 0.678392 0 4.37114e-008 -1
-62.5 63 -27.5 0.852854 0.678665 -1 0 0
-62.5 70 -27.5 0.85235 0.64313 -1 0 0
-62.5 70 -32.5 0.87754 0.64299 -1 0 0
-62.5 70 -32.5 0.87754 0.64299 -1 0 0
-62.5 63 -32.5 0.878154 0.678392 -1 0 0
-62.5 63 -27.5 0.852854 0.678665 -1 0 0
-61.5 63 -27.5 0.943862 0.678075 0 -4.37114e-008 1
-61.5 70 -27.5 0.94379 0.642576 0 -4.37114e-008 1
-62.5 70 -27.5 0.948677 0.64261 0 -4.37114e-008 1
-62.5 70 -27.5 0.948677 0.64261 0 -4.37114e-008 1
-62.5 63 -27.5 0.94814 0.678097 0 -4.37114e-008 1
-61.5 63 -27.5 0.943862 0.678075 0 -4.37114e-008 1
-61.5 63 27.5 0.221215 0.210231 -1 0 0
-61.5 70 27.5 0.221215 0.174882 -1 0 0
-61.5 70 -27.5 0.498953 0.174882 -1 0 0
-61.5 70 -27.5 0.498953 0.174882 -1 0 0
-61.5 63 -27.5 0.498953 0.210231 -1 0 0
-61.5 63 27.5 0.221215 0.210231 -1 0 0
-62.5 63 27.5 0.790263 0.678221 -1.90736e-006 4.37114e-008 -1
-62.5 70 27.5 0.789966 0.642744 -1.90736e-006 4.37114e-008 -1
-61.5 70 27.5 0.794769 0.642724 -1.90736e-006 4.37114e-008 -1
-61.5 70 27.5 0.794769 0.642724 -1.90736e-006 4.37114e-008 -1
-61.5 63 27.5 0.794503 0.678185 -1.90736e-006 4.37114e-008 -1
-62.5 63 27.5 0.790263 0.678221 -1.90736e-006 4.37114e-008 -1
-62.5 63 32.5 0.765709 0.678342 -1 0 0
-62.5 70 32.5 0.764882 0.64294 -1 0 0
-62.5 70 27.5 0.789966 0.642744 -1 0 0
-62.5 70 27.5 0.789966 0.642744 -1 0 0
-62.5 63 27.5 0.790263 0.678221 -1 0 0
-62.5 63 32.5 0.765709 0.678342 -1 0 0
-57.5 63 32.5 0.740214 0.678808 0 -4.37114e-008 1
-57.5 70 32.5 0.739433 0.643315 0 -4.37114e-008 1
-62.5 70 32.5 0.764882 0.64294 0 -4.37114e-008 1
-62.5 70 32.5 0.764882 0.64294 0 -4.37114e-008 1
-62.5 63 32.5 0.765709 0.678342 0 -4.37114e-008 1
-57.5 63 32.5 0.740214 0.678808 0 -4.37114e-008 1
-57.5 63 31.5 0.83225 0.67802 1 1.66746e-013 -3.8147e-006
-57.5 70 31.5 0.832145 0.642532 1 1.66746e-013 -3.8147e-006
-57.5 70 32.5 0.837035 0.642561 1 1.66746e-013 -3.8147e-006
-57.5 70 32.5 0.837035 0.642561 1 1.66746e-013 -3.8147e-006
-57.5 63 32.5 0.836519 0.678031 1 1.66746e-013 -3.8147e-006
-57.5 63 31.5 0.83225 0.67802 1 1.66746e-013 -3.8147e-006
57.5 63 31.5 0.00200048 0.513061 -1.65856e-008 -4.37114e-008 1
57.5 70 31.5 0.002 0.477716 -1.65856e-008 -4.37114e-008 1
-57.5 70 31.5 0.582774 0.477709 -1.65856e-008 -4.37114e-008 1
-57.5 70 31.5 0.582774 0.477709 -1.65856e-008 -4.37114e-008 1
-57.5 63 31.5 0.582775 0.513059 -1.65856e-008 -4.37114e-008 1
57.5 63 31.5 0.00200048 0.513061 -1.65856e-008 -4.37114e-008 1
57.5 63 32.5 0.184061 0.0380432 -1 0 0
57.5 70 32.5 0.184698 0.00217026 -1 0 0
57.5 70 31.5 0.189132 0.00223005 -1 0 0
57.5 70 31.5 0.189132 0.00223005 -1 0 0
57.5 63 31.5 0.187923 0.0380711 -1 0 0
57.5 63 32.5 0.184061 0.0380432 -1 0 0
62.5 63 32.5 0.160244 0.0379265 0 -4.37114e-008 1
62.5 70 32.5 0.160234 0.00201857 0 -4.37114e-008 1
57.5 70 32.5 0.184698 0.00217026 0 -4.37114e-008 1
57.5 70 32.5 0.184698 0.00217026 0 -4.37114e-008 1
57.5 63 32.5 0.184061 0.0380432 0 -4.37114e-008 1
62.5 63 32.5 0.160244 0.0379265 0 -4.37114e-008 1
62.5 63 27.5 0.136289 0.0379031 1 0 -0
62.5 70 27.5 0.135711 0.00200003 1 0 -0
62.5 70 32.5 0.160234 0.00201857 1 0 -0
62.5 70 32.5 0.160234 0.00201857 1 0 -0
62.5 63 32.5 0.160244 0.0379265 1 0 -0
62.5 63 27.5 0.136289 0.0379031 1 0 -0
61.5 63 27.5 0.132196 0.0379426 0 4.37114e-008 -1
61.5 70 27.5 0.13114 0.00203365 0 4.37114e-008 -1
62.5 70 27.5 0.135711 0.00200003 0 4.37114e-008 -1
62.5 70 27.5 0.135711 0.00200003 0 4.37114e-008 -1
62.5 63 27.5 0.136289 0.0379031 0 4.37114e-008 -1
61.5 63 27.5 0.132196 0.0379426 0 4.37114e-008 -1
61.5 63 -27.5 0.221295 0.310734 1 0 -0
61.5 70 -27.5 0.221295 0.275386 1 0 -0
61.5 70 27.5 0.499033 0.275386 1 0 -0
61.5 70 27.5 0.499033 0.275386 1 0 -0
61.5 63 27.5 0.499033 0.310734 1 0 -0
61.5 63 -27.5 0.221295 0.310734 1 0 -0
62.5 63 -27.5 0.0523424 0.041502 0 -4.37114e-008 1
62.5 70 -27.5 0.0521932 0.00603354 0 -4.37114e-008 1
61.5 70 -27.5 0.056899 0.00602716 0 -4.37114e-008 1
61.5 70 -27.5 0.056899 0.00602716 0 -4.37114e-008 1
61.5 63 -27.5 0.0564079 0.0414802 0 -4.37114e-008 1
62.5 63 -27.5 0.0523424 0.041502 0 -4.37114e-008 1
62.5 63 -32.5 0.0279365 0.0415831 1 0 -0
62.5 70 -32.5 0.0272535 0.0061903 1 0 -0
62.5 70 -27.5 0.0521932 0.00603354 1 0 -0
62.5 70 -27.5 0.0521932 0.00603354 1 0 -0
62.5 63 -27.5 0.0523424 0.041502 1 0 -0
62.5 63 -32.5 0.0279365 0.0415831 1 0 -0
57.5 63 -27.5 0.0747236 0.041265 -1 0 0
57.5 70 -27.5 0.0747377 0.00577003 -1 0 0
57.5 70 -28.5 0.0796396 0.00576609 -1 0 0
57.5 70 -28.5 0.0796396 0.00576609 -1 0 0
57.5 63 -28.5 0.0793068 0.041233 -1 0 0
57.5 63 -27.5 0.0747236 0.041265 -1 0 0
58.5 63 -27.5 0.0704722 0.0413142 0 -4.37114e-008 1
58.5 70 -27.5 0.0699234 0.00579929 0 -4.37114e-008 1
57.5 70 -27.5 0.0747377 0.00577003 0 -4.37114e-008 1
57.5 70 -27.5 0.0747377 0.00577003 0 -4.37114e-008 1
57.5 63 -27.5 0.0747236 0.041265 0 -4.37114e-008 1
58.5 63 -27.5 0.0704722 0.0413142 0 -4.37114e-008 1
58.5 63 27.5 0.499033 0.325884 -1 0 0
58.5 70 27.5 0.499033 0.361232 -1 0 0
58.5 70 -27.5 0.221295 0.361232 -1 0 0
58.5 70 -27.5 0.221295 0.361232 -1 0 0
58.5 63 -27.5 0.221295 0.325884 -1 0 0
58.5 63 27.5 0.499033 0.325884 -1 0 0
57.5 63 27.5 0.113973 0.0380489 0 4.37114e-008 -1
57.5 70 27.5 0.114367 0.00215119 0 4.37114e-008 -1
58.5 70 27.5 0.119193 0.00226402 0 4.37114e-008 -1
58.5 70 27.5 0.119193 0.00226402 0 4.37114e-008 -1
58.5 63 27.5 0.118275 0.0381315 0 4.37114e-008 -1
57.5 63 27.5 0.113973 0.0380489 0 4.37114e-008 -1
57.5 63 28.5 0.201543 0.0380754 -1 0 0
57.5 70 28.5 0.201192 0.00216597 -1 0 0
57.5 70 27.5 0.20598 0.00221181 -1 0 0
57.5 70 27.5 0.20598 0.00221181 -1 0 0
57.5 63 27.5 0.20535 0.0381185 -1 0 0
57.5 63 28.5 0.201543 0.0380754 -1 0 0
-57.5 63 28.5 0.582776 0.528203 -1.65856e-008 4.37114e-008 -1
-57.5 70 28.5 0.582776 0.563549 -1.65856e-008 4.37114e-008 -1
57.5 70 28.5 0.00200141 0.563553 -1.65856e-008 4.37114e-008 -1
57.5 70 28.5 0.00200141 0.563553 -1.65856e-008 4.37114e-008 -1
57.5 63 28.5 0.00200089 0.528204 -1.65856e-008 4.37114e-008 -1
-57.5 63 28.5 0.582776 0.528203 -1.65856e-008 4.37114e-008 -1
-57.5 63 27.5 0.813321 0.678046 1 1.66745e-013 -3.81468e-006
-57.5 70 27.5 0.813387 0.642562 1 1.66745e-013 -3.81468e-006
-57.5 70 28.5 0.81826 0.64258 1 1.66745e-013 -3.81468e-006
-57.5 70 28.5 0.81826 0.64258 1 1.66745e-013 -3.81468e-006
-57.5 63 28.5 0.817849 0.678038 1 1.66745e-013 -3.81468e-006
-57.5 63 27.5 0.813321 0.678046 1 1.66745e-013 -3.81468e-006
-58.5 63 27.5 0.808868 0.678071 -1.90736e-006 4.37114e-008 -1
-58.5 70 27.5 0.808497 0.642573 -1.90736e-006 4.37114e-008 -1
-57.5 70 27.5 0.813387 0.642562 -1.90736e-006 4.37114e-008 -1
-57.5 70 27.5 0.813387 0.642562 -1.90736e-006 4.37114e-008 -1
-57.5 63 27.5 0.813321 0.678046 -1.90736e-006 4.37114e-008 -1
-58.5 63 27.5 0.808868 0.678071 -1.90736e-006 4.37114e-008 -1
-58.5 63 -27.5 0.498953 0.22538 1 0 -0
-58.5 70 -27.5 0.498953 0.260728 1 0 -0
-58.5 70 27.5 0.221215 0.260728 1 0 -0
-58.5 70 27.5 0.221215 0.260728 1 0 -0
-58.5 63 27.5 0.221215 0.22538 1 0 -0
-58.5 63 -27.5 0.498953 0.22538 1 0 -0
-57.5 63 -27.5 0.924911 0.678095 0 -4.37114e-008 1
-57.5 70 -27.5 0.924994 0.642589 0 -4.37114e-008 1
-58.5 70 -27.5 0.929858 0.642604 0 -4.37114e-008 1
-58.5 70 -27.5 0.929858 0.642604 0 -4.37114e-008 1
-58.5 63 -27.5 0.929444 0.678078 0 -4.37114e-008 1
-57.5 63 -27.5 0.924911 0.678095 0 -4.37114e-008 1
-57.5 63 -28.5 0.920711 0.6781 1 0 -0
-57.5 70 -28.5 0.920174 0.642596 1 0 -0
-57.5 70 -27.5 0.924994 0.642589 1 0 -0
-57.5 70 -27.5 0.924994 0.642589 1 0 -0
-57.5 63 -27.5 0.924911 0.678095 1 0 -0
-57.5 63 -28.5 0.920711 0.6781 1 0 -0
57.5 63 -28.5 0.582724 0.427045 -3.31713e-008 -4.37114e-008 1
57.5 70 -28.5 0.582724 0.462394 -3.31713e-008 -4.37114e-008 1
-57.5 70 -28.5 0.002 0.462394 -3.31713e-008 -4.37114e-008 1
-57.5 70 -28.5 0.002 0.462394 -3.31713e-008 -4.37114e-008 1
-57.5 63 -28.5 0.002 0.427045 -3.31713e-008 -4.37114e-008 1
57.5 63 -28.5 0.582724 0.427045 -3.31713e-008 -4.37114e-008 1
61.8339 7.62939e-006 -27.8997 0.0525127 0.36076 0 -0.00634385 0.99998
62.5 63 -27.5 0.0523424 0.041502 0 -0.00634385 0.99998
61.5 63 -27.5 0.0564079 0.0414802 0 -0.00634385 0.99998
61.8339 7.62939e-006 -27.8997 0.0525127 0.36076 0 -0.00634385 0.99998
61.5 63 -27.5 0.0564079 0.0414802 0 -0.00634385 0.99998
58.5 63 -27.5 0.0704722 0.0413142 0 -0.00634385 0.99998
61.8339 7.62939e-006 -27.8997 0.0525127 0.36076 0 -0.00634385 0.99998
58.5 63 -27.5 0.0704722 0.0413142 0 -0.00634385 0.99998
57.5 63 -27.5 0.0747236 0.041265 0 -0.00634385 0.99998
57.8997 7.62939e-006 -27.8997 0.0742689 0.360677 0 -0.00634385 0.99998
61.8339 7.62939e-006 -27.8997 0.0525127 0.36076 0 -0.00634385 0.99998
57.5 63 -27.5 0.0747236 0.041265 0 -0.00634385 0.99998
61.8339 7.62939e-006 -31.8339 0.0309109 0.360866 0.999944 -0.0105726 -4.62143e-010
62.5 63 -32.5 0.0279365 0.0415831 0.999944 -0.0105726 -4.62143e-010
62.5 63 -27.5 0.0523424 0.041502 0.999944 -0.0105726 -4.62143e-010
62.5 63 -27.5 0.0523424 0.041502 0.999944 -0.0105726 -4.62143e-010
61.8339 7.62939e-006 -27.8997 0.0525127 0.36076 0.999944 -0.0105726 -4.62143e-010
61.8339 7.62939e-006 -31.8339 0.0309109 0.360866 0.999944 -0.0105726 -4.62143e-010
57.8997 7.62939e-006 -31.8339 0.0107489 0.361232 0 -0.0105726 -0.999944
57.5 63 -32.5 0.00257317 0.0419232 0 -0.0105726 -0.999944
62.5 63 -32.5 0.0279365 0.0415831 0 -0.0105726 -0.999944
62.5 63 -32.5 0.0279365 0.0415831 0 -0.0105726 -0.999944
61.8339 7.62939e-006 -31.8339 0.0309109 0.360866 0 -0.0105726 -0.999944
57.8997 7.62939e-006 -31.8339 0.0107489 0.361232 0 -0.0105726 -0.999944
57.8997 7.62939e-006 -27.8997 0.0742689 0.360677 -0.99998 -0.00634384 -2.77298e-010
57.5 63 -27.5 0.0747236 0.041265 -0.99998 -0.00634384 -2.77298e-010
57.5 63 -28.5 0.0793068 0.041233 -0.99998 -0.00634384 -2.77298e-010
57.8997 7.62939e-006 -27.8997 0.0742689 0.360677 -0.99998 -0.00634384 -2.77298e-010
57.5 63 -28.5 0.0793068 0.041233 -0.99998 -0.00634384 -2.77298e-010
57.5 63 -31.5 0.0938204 0.0412086 -0.99998 -0.00634384 -2.77298e-010
57.8997 7.62939e-006 -31.8339 0.0954099 0.3606 -0.99998 -0.00634384 -2.77298e-010
57.8997 7.62939e-006 -27.8997 0.0742689 0.360677 -0.99998 -0.00634384 -2.77298e-010
57.5 63 -31.5 0.0938204 0.0412086 -0.99998 -0.00634384 -2.77298e-010
57.8997 7.62939e-006 -31.8339 0.0954099 0.3606 -0.99998 -0.00634384 -2.77298e-010
57.5 63 -31.5 0.0938204 0.0412086 -0.99998 -0.00634384 -2.77298e-010
57.5 63 -32.5 0.098181 0.0412213 -0.99998 -0.00634384 -2.77298e-010
57.8997 7.62939e-006 31.8339 0.181036 0.361133 -0.99998 -0.00634384 -2.77298e-010
57.5 63 32.5 0.184061 0.0380432 -0.99998 -0.00634384 -2.77298e-010
57.5 63 31.5 0.187923 0.0380711 -0.99998 -0.00634384 -2.77298e-010
57.8997 7.62939e-006 31.8339 0.181036 0.361133 -0.99998 -0.00634384 -2.77298e-010
57.5 63 31.5 0.187923 0.0380711 -0.99998 -0.00634384 -2.77298e-010
57.5 63 28.5 0.201543 0.0380754 -0.99998 -0.00634384 -2.77298e-010
57.8997 7.62939e-006 31.8339 0.181036 0.361133 -0.99998 -0.00634384 -2.77298e-010
57.5 63 28.5 0.201543 0.0380754 -0.99998 -0.00634384 -2.77298e-010
57.5 63 27.5 0.20535 0.0381185 -0.99998 -0.00634384 -2.77298e-010
57.8997 7.62939e-006 27.8997 0.202748 0.361232 -0.99998 -0.00634384 -2.77298e-010
57.8997 7.62939e-006 31.8339 0.181036 0.361133 -0.99998 -0.00634384 -2.77298e-010
57.5 63 27.5 0.20535 0.0381185 -0.99998 -0.00634384 -2.77298e-010
61.8339 7.62939e-006 31.8339 0.158585 0.360963 0 -0.0105727 0.999944
62.5 63 32.5 0.160244 0.0379265 0 -0.0105727 0.999944
57.5 63 32.5 0.184061 0.0380432 0 -0.0105727 0.999944
57.5 63 32.5 0.184061 0.0380432 0 -0.0105727 0.999944
57.8997 7.62939e-006 31.8339 0.181036 0.361133 0 -0.0105727 0.999944
61.8339 7.62939e-006 31.8339 0.158585 0.360963 0 -0.0105727 0.999944
61.8339 7.62939e-006 27.8997 0.136482 0.360928 0.999944 -0.0105726 -4.62143e-010
62.5 63 27.5 0.136289 0.0379031 0.999944 -0.0105726 -4.62143e-010
62.5 63 32.5 0.160244 0.0379265 0.999944 -0.0105726 -4.62143e-010
62.5 63 32.5 0.160244 0.0379265 0.999944 -0.0105726 -4.62143e-010
61.8339 7.62939e-006 31.8339 0.158585 0.360963 0.999944 -0.0105726 -4.62143e-010
61.8339 7.62939e-006 27.8997 0.136482 0.360928 0.999944 -0.0105726 -4.62143e-010
57.8997 7.62939e-006 27.8997 0.11555 0.361025 0 -0.00634376 -0.99998
57.5 63 27.5 0.113973 0.0380489 0 -0.00634376 -0.99998
58.5 63 27.5 0.118275 0.0381315 0 -0.00634376 -0.99998
57.8997 7.62939e-006 27.8997 0.11555 0.361025 0 -0.00634376 -0.99998
58.5 63 27.5 0.118275 0.0381315 0 -0.00634376 -0.99998
61.5 63 27.5 0.132196 0.0379426 0 -0.00634376 -0.99998
61.8339 7.62939e-006 27.8997 0.136482 0.360928 0 -0.00634376 -0.99998
57.8997 7.62939e-006 27.8997 0.11555 0.361025 0 -0.00634376 -0.99998
61.5 63 27.5 0.132196 0.0379426 0 -0.00634376 -0.99998
61.8339 7.62939e-006 27.8997 0.136482 0.360928 0 -0.00634376 -0.99998
61.5 63 27.5 0.132196 0.0379426 0 -0.00634376 -0.99998
62.5 63 27.5 0.136289 0.0379031 0 -0.00634376 -0.99998
-61.8339 7.62939e-006 27.8997 0.790884 0.997403 -1.90732e-006 -0.00634378 -0.99998
-62.5 63 27.5 0.790263 0.678221 -1.90732e-006 -0.00634378 -0.99998
-61.5 63 27.5 0.794503 0.678185 -1.90732e-006 -0.00634378 -0.99998
-61.8339 7.62939e-006 27.8997 0.790884 0.997403 -1.90732e-006 -0.00634378 -0.99998
-61.5 63 27.5 0.794503 0.678185 -1.90732e-006 -0.00634378 -0.99998
-58.5 63 27.5 0.808868 0.678071 0 -0.00634379 -0.99998
-61.8339 7.62939e-006 27.8997 0.790884 0.997403 -1.90732e-006 -0.00634378 -0.99998
-58.5 63 27.5 0.808868 0.678071 0 -0.00634379 -0.99998
-57.5 63 27.5 0.813321 0.678046 -1.90732e-006 -0.00634369 -0.99998
-57.8997 7.62939e-006 27.8997 0.812427 0.997356 -9.69601e-007 -0.00634376 -0.99998
-61.8339 7.62939e-006 27.8997 0.790884 0.997403 -1.90732e-006 -0.00634378 -0.99998
-57.5 63 27.5 0.813321 0.678046 -1.90732e-006 -0.00634369 -0.99998
-61.8339 7.62939e-006 31.8339 0.76956 0.997552 -0.999944 -0.0105726 -4.62143e-010
-62.5 63 32.5 0.765709 0.678342 -0.999944 -0.0105726 -4.62143e-010
-62.5 63 27.5 0.790263 0.678221 -0.999944 -0.0105726 -4.62143e-010
-62.5 63 27.5 0.790263 0.678221 -0.999944 -0.0105726 -4.62143e-010
-61.8339 7.62939e-006 27.8997 0.790884 0.997403 -0.999944 -0.0105726 -4.62143e-010
-61.8339 7.62939e-006 31.8339 0.76956 0.997552 -0.999944 -0.0105726 -4.62143e-010
-57.8997 7.62939e-006 31.8339 0.749748 0.998 0 -0.0105727 0.999944
-57.5 63 32.5 0.740214 0.678808 0 -0.0105727 0.999944
-62.5 63 32.5 0.765709 0.678342 0 -0.0105727 0.999944
-62.5 63 32.5 0.765709 0.678342 0 -0.0105727 0.999944
-61.8339 7.62939e-006 31.8339 0.76956 0.997552 0 -0.0105727 0.999944
-57.8997 7.62939e-006 31.8339 0.749748 0.998 0 -0.0105727 0.999944
-57.8997 7.62939e-006 27.8997 0.812427 0.997356 0.99998 -0.00634386 -3.81488e-006
-57.5 63 27.5 0.813321 0.678046 0.99998 -0.00634386 -3.81488e-006
-57.5 63 28.5 0.817849 0.678038 0.99998 -0.00634386 -3.81488e-006
-57.8997 7.62939e-006 27.8997 0.812427 0.997356 0.99998 -0.00634386 -3.81488e-006
-57.5 63 28.5 0.817849 0.678038 0.99998 -0.00634386 -3.81488e-006
-57.5 63 31.5 0.83225 0.67802 0.99998 -0.0063439 -2.77301e-010
-57.8997 7.62939e-006 31.8339 0.833651 0.997314 0.99998 -0.00634379 -1.93948e-006
-57.8997 7.62939e-006 27.8997 0.812427 0.997356 0.99998 -0.00634386 -3.81488e-006
-57.5 63 31.5 0.83225 0.67802 0.99998 -0.0063439 -2.77301e-010
-57.8997 7.62939e-006 31.8339 0.833651 0.997314 0.99998 -0.00634379 -1.93948e-006
-57.5 63 31.5 0.83225 0.67802 0.99998 -0.0063439 -2.77301e-010
-57.5 63 32.5 0.836519 0.678031 0.99998 -0.0063438 -3.8149e-006
-61.8339 7.62939e-006 -31.8339 0.880499 0.997695 0 -0.0105726 -0.999944
-62.5 63 -32.5 0.878154 0.678392 0 -0.0105726 -0.999944
-57.5 63 -32.5 0.902485 0.678351 0 -0.0105726 -0.999944
-57.5 63 -32.5 0.902485 0.678351 0 -0.0105726 -0.999944
-57.8997 7.62939e-006 -31.8339 0.902283 0.997638 0 -0.0105726 -0.999944
-61.8339 7.62939e-006 -31.8339 0.880499 0.997695 0 -0.0105726 -0.999944
-61.8339 7.62939e-006 -27.8997 0.860233 0.998 -0.999944 -0.0105726 -4.62143e-010
-62.5 63 -27.5 0.852854 0.678665 -0.999944 -0.0105726 -4.62143e-010
-62.5 63 -32.5 0.878154 0.678392 -0.999944 -0.0105726 -4.62143e-010
-62.5 63 -32.5 0.878154 0.678392 -0.999944 -0.0105726 -4.62143e-010
-61.8339 7.62939e-006 -31.8339 0.880499 0.997695 -0.999944 -0.0105726 -4.62143e-010
-61.8339 7.62939e-006 -27.8997 0.860233 0.998 -0.999944 -0.0105726 -4.62143e-010
-57.8997 7.62939e-006 -27.8997 0.924033 0.997569 0 -0.00634385 0.99998
-57.5 63 -27.5 0.924911 0.678095 0 -0.00634385 0.99998
-58.5 63 -27.5 0.929444 0.678078 0 -0.00634385 0.99998
-57.8997 7.62939e-006 -27.8997 0.924033 0.997569 0 -0.00634385 0.99998
-58.5 63 -27.5 0.929444 0.678078 0 -0.00634385 0.99998
-61.5 63 -27.5 0.943862 0.678075 0 -0.00634385 0.99998
-57.8997 7.62939e-006 -27.8997 0.924033 0.997569 0 -0.00634385 0.99998
-61.5 63 -27.5 0.943862 0.678075 0 -0.00634385 0.99998
-62.5 63 -27.5 0.94814 0.678097 0 -0.00634385 0.99998
-61.8339 7.62939e-006 -27.8997 0.945261 0.997503 0 -0.00634385 0.99998
-57.8997 7.62939e-006 -27.8997 0.924033 0.997569 0 -0.00634385 0.99998
-62.5 63 -27.5 0.94814 0.678097 0 -0.00634385 0.99998
-57.8997 7.62939e-006 -31.8339 0.902283 0.997638 0.99998 -0.00634384 -2.77298e-010
-57.5 63 -32.5 0.902485 0.678351 0.99998 -0.00634384 -2.77298e-010
-57.5 63 -31.5 0.906686 0.678334 0.99998 -0.00634384 -2.77298e-010
-57.8997 7.62939e-006 -31.8339 0.902283 0.997638 0.99998 -0.00634384 -2.77298e-010
-57.5 63 -31.5 0.906686 0.678334 0.99998 -0.00634384 -2.77298e-010
-57.5 63 -28.5 0.920711 0.6781 0.99998 -0.00634384 -2.77298e-010
-57.8997 7.62939e-006 -27.8997 0.924033 0.997569 0.99998 -0.00634384 -2.77298e-010
-57.8997 7.62939e-006 -31.8339 0.902283 0.997638 0.99998 -0.00634384 -2.77298e-010
-57.5 63 -28.5 0.920711 0.6781 0.99998 -0.00634384 -2.77298e-010
-57.8997 7.62939e-006 -27.8997 0.924033 0.997569 0.99998 -0.00634384 -2.77298e-010
-57.5 63 -28.5 0.920711 0.6781 0.99998 -0.00634384 -2.77298e-010
-57.5 63 -27.5 0.924911 0.678095 0.99998 -0.00634384 -2.77298e-010
57.5 70 -31.5 0.653421 0.998 0 -1 -4.37114e-008
-57.5 70 -31.5 0.0726965 0.998 0 -1 -4.37114e-008
-57.5 70 -32.5 0.0726965 0.99295 0 -1 -4.37114e-008
65 70 -35 0.691294 0.980326 0 -1 -4.37114e-008
57.5 70 -31.5 0.653421 0.998 0 -1 -4.37114e-008
-57.5 70 -32.5 0.0726965 0.99295 0 -1 -4.37114e-008
65 70 -35 0.691294 0.980326 0 -1 -4.37114e-008
-57.5 70 -32.5 0.0726965 0.99295 0 -1 -4.37114e-008
-62.5 70 -32.5 0.0474476 0.99295 0 -1 -4.37114e-008
65 70 -35 0.691294 0.980326 0 -1 -4.37114e-008
57.5 70 -32.5 0.653421 0.99295 0 1 4.37114e-008
57.5 70 -31.5 0.653421 0.998 0 -1 -4.37114e-008
65 70 -35 0.691294 0.980326 0 -1 -4.37114e-008
62.5 70 -32.5 0.67867 0.99295 0 -1 -4.37114e-008
57.5 70 -32.5 0.653421 0.99295 0 1 4.37114e-008
-65 70 -35 0.0348235 0.980326 0 -1 -4.37114e-008
65 70 -35 0.691294 0.980326 0 -1 -4.37114e-008
-62.5 70 -32.5 0.0474476 0.99295 0 -1 -4.37114e-008
-57.5 70 31.5 0.0726969 0.578869 0 -1 -4.37114e-008
57.5 70 31.5 0.653421 0.578868 0 -1 -4.37114e-008
57.5 70 32.5 0.653421 0.583918 0 -1 -4.37114e-008
-65 70 35 0.0348234 0.596543 0 -1 -4.37114e-008
-57.5 70 31.5 0.0726969 0.578869 0 -1 -4.37114e-008
57.5 70 32.5 0.653421 0.583918 0 -1 -4.37114e-008
-65 70 35 0.0348234 0.596543 0 -1 -4.37114e-008
57.5 70 32.5 0.653421 0.583918 0 -1 -4.37114e-008
62.5 70 32.5 0.67867 0.583918 0 -1 -4.37114e-008
-65 70 35 0.0348234 0.596543 0 -1 -4.37114e-008
-57.5 70 32.5 0.0726969 0.583919 0 1 4.37114e-008
-57.5 70 31.5 0.0726969 0.578869 0 -1 -4.37114e-008
-65 70 35 0.0348234 0.596543 0 -1 -4.37114e-008
-62.5 70 32.5 0.0474481 0.583919 0 -1 -4.37114e-008
-57.5 70 32.5 0.0726969 0.583919 0 1 4.37114e-008
65 70 35 0.691294 0.596543 0 -1 -4.37114e-008
-65 70 35 0.0348234 0.596543 0 -1 -4.37114e-008
62.5 70 32.5 0.67867 0.583918 0 -1 -4.37114e-008
