Vertex Count: 600

Data:

-3.5 34 -18 0.246094 2 0 -1 -0
-3 34 -18 0.259983 2 0.44845 -0.893808 2.35959e-08
-3 34 18 0.259983 1 0.196116 -0.980581 1.03906e-08
-3.5 34 -18 0.246094 2 0 -1 -0
-3 34 18 0.259983 1 0.196116 -0.980581 1.03906e-08
-3.5 34 18 0.246094 1 0 -1 -0
3.44941 36 -20 0 1 0.00459072 -2.58427e-10 0.999989
-3 36 -20 0.089575 1 0 0 1
-3 -36 -20 0.089575 2 0 0 1
3.44941 36 -20 0 1 0.00459072 -2.58427e-10 0.999989
-3 -36 -20 0.089575 2 0 0 1
3 -36 -20 0.006242 2 0 0 1
3.44941 36 -20 0 1 0.00459072 -2.58427e-10 0.999989
3 -36 -20 0.006242 2 0 0 1
3.44941 -36 -20 0 2 0.136964 -7.70821e-09 0.990576
-3 12.5 -18 0.33539 1.32802 0.498401 -0.217675 0.839175
-3 -34 -18 0.33539 1.92038 0.496929 0.216842 0.840262
-2.75 -34.25 -18.25 0.332205 1.92357 0.991544 0.0795206 0.102554
-3 12.5 -18 0.33539 1.32802 0.498401 -0.217675 0.839175
-2.75 -34.25 -18.25 0.332205 1.92357 0.991544 0.0795206 0.102554
-2.75 12.75 -18.25 0.332205 1.32484 0.995011 -0.061193 0.0787962
-3 -34 18 0.793989 1.92038 0.616957 0.749162 -0.24108
-2.75 -34.25 18.25 0.797174 1.92357 0.987584 0.0571263 -0.146337
-2.75 -34.25 -18.25 0.332205 1.92357 0.991544 0.0795206 0.102554
-3 -34 18 0.793989 1.92038 0.616957 0.749162 -0.24108
-2.75 -34.25 -18.25 0.332205 1.92357 0.991544 0.0795206 0.102554
-3 -34 -18 0.33539 1.92038 0.40562 0.884988 0.228622
-2.75 -34.25 -18.25 0.332205 1.92357 0.991544 0.0795206 0.102554
-2.75 -34.25 18.25 0.797174 1.92357 0.987584 0.0571263 -0.146337
-2.75 -35.75 19.75 0.816282 1.94267 0.996725 -0.0601214 0.0540713
-2.75 -34.25 -18.25 0.332205 1.92357 0.991544 0.0795206 0.102554
-2.75 -35.75 19.75 0.816282 1.94267 0.996725 -0.0601214 0.0540713
-2.75 -35.75 -19.75 0.313097 1.94267 0.991585 -0.0343577 -0.124818
-2.75 -34.25 -18.25 0.332205 1.92357 0.991544 0.0795206 0.102554
-2.75 -35.75 -19.75 0.313097 1.94267 0.991585 -0.0343577 -0.124818
-2.75 12.75 -18.25 0.332205 1.32484 0.995011 -0.061193 0.0787962
-3 12.5 -18 0.33539 1.32802 0.575603 -0.750712 0.32421
-2.75 12.75 -18.25 0.332205 1.32484 0.995011 -0.061193 0.0787962
-2.75 12.75 18.25 0.797174 1.32484 0.997721 -0.0566224 -0.0367067
-2.75 14.25 -18.25 0.332205 1.30573 0.997622 0.0664467 0.0183304
-2.75 12.75 -18.25 0.332205 1.32484 0.995011 -0.061193 0.0787962
-2.75 -35.75 -19.75 0.313097 1.94267 0.991585 -0.0343577 -0.124818
-2.75 14.25 -18.25 0.332205 1.30573 0.997622 0.0664467 0.0183304
-2.75 12.75 18.25 0.797174 1.32484 0.997721 -0.0566224 -0.0367067
-2.75 12.75 -18.25 0.332205 1.32484 0.995011 -0.061193 0.0787962
-3 -36 -20 0.309912 1.94586 0.816163 -0.428284 -0.387879
-2.75 -35.75 -19.75 0.313097 1.94267 0.991585 -0.0343577 -0.124818
-2.75 -35.75 19.75 0.816282 1.94267 0.996725 -0.0601214 0.0540713
-3 36 -20 0.309912 1.02866 0.776369 0.169236 -0.607133
-2.75 35.75 -19.75 0.313097 1.03185 0.99575 0.0684791 -0.0615883
-2.75 -35.75 -19.75 0.313097 1.94267 0.991585 -0.0343577 -0.124818
-3 36 -20 0.309912 1.02866 0.776369 0.169236 -0.607133
-2.75 -35.75 -19.75 0.313097 1.94267 0.991585 -0.0343577 -0.124818
-3 -36 -20 0.309912 1.94586 0.816163 -0.428284 -0.387879
-2.75 14.25 -18.25 0.332205 1.30573 0.997622 0.0664467 0.0183304
-2.75 -35.75 -19.75 0.313097 1.94267 0.991585 -0.0343577 -0.124818
-2.75 35.75 -19.75 0.313097 1.03185 0.99575 0.0684791 -0.0615883
-3 -36 -20 0.309912 1.94586 0.816163 -0.428284 -0.387879
-2.75 -35.75 19.75 0.816282 1.94267 0.996725 -0.0601214 0.0540713
-3 -36 20 0.819467 1.94586 0.776369 -0.169236 0.607133
-2.75 35.75 19.75 0.816282 1.03185 0.988617 0.0399286 0.145058
-3 36 20 0.819467 1.02866 0.816163 0.428284 0.38788
-3 -36 20 0.819467 1.94586 0.776369 -0.169236 0.607133
-2.75 35.75 19.75 0.816282 1.03185 0.988617 0.0399286 0.145058
-3 -36 20 0.819467 1.94586 0.776369 -0.169236 0.607133
-2.75 -35.75 19.75 0.816282 1.94267 0.996725 -0.0601214 0.0540713
-2.75 35.75 -19.75 0.313097 1.03185 0.99575 0.0684791 -0.0615883
-3 36 20 0.819467 1.02866 0.816163 0.428284 0.38788
-2.75 35.75 19.75 0.816282 1.03185 0.988617 0.0399286 0.145058
-2.75 12.75 18.25 0.797174 1.32484 0.997721 -0.0566224 -0.0367067
-2.75 35.75 19.75 0.816282 1.03185 0.988617 0.0399286 0.145058
-2.75 -35.75 19.75 0.816282 1.94267 0.996725 -0.0601214 0.0540713
-2.75 12.75 18.25 0.797174 1.32484 0.997721 -0.0566224 -0.0367067
-2.75 14.25 18.25 0.797174 1.30573 0.992051 0.0854003 -0.0924198
-2.75 35.75 19.75 0.816282 1.03185 0.988617 0.0399286 0.145058
-2.75 34.25 18.25 0.797174 1.05096 0.993731 -0.107772 -0.0297302
-2.75 35.75 19.75 0.816282 1.03185 0.988617 0.0399286 0.145058
-2.75 14.25 18.25 0.797174 1.30573 0.992051 0.0854003 -0.0924198
-2.75 34.25 18.25 0.797174 1.05096 0.993731 -0.107772 -0.0297302
-2.75 35.75 -19.75 0.313097 1.03185 0.99575 0.0684791 -0.0615883
-2.75 35.75 19.75 0.816282 1.03185 0.988617 0.0399286 0.145058
-2.75 35.75 -19.75 0.313097 1.03185 0.99575 0.0684791 -0.0615883
-3 36 -20 0.309912 1.02866 0.776369 0.169236 -0.607133
-3 36 20 0.819467 1.02866 0.816163 0.428284 0.38788
-2.75 34.25 18.25 0.797174 1.05096 0.993731 -0.107772 -0.0297302
-2.75 34.25 -18.25 0.332205 1.05096 0.991707 -0.0872227 0.0943916
-2.75 35.75 -19.75 0.313097 1.03185 0.99575 0.0684791 -0.0615883
-2.75 14.25 -18.25 0.332205 1.30573 0.997622 0.0664467 0.0183304
-2.75 35.75 -19.75 0.313097 1.03185 0.99575 0.0684791 -0.0615883
-2.75 34.25 -18.25 0.332205 1.05096 0.991707 -0.0872227 0.0943916
-3 34 18 0.793989 1.05414 0.523467 -0.2496 -0.814667
-2.75 34.25 18.25 0.797174 1.05096 0.993731 -0.107772 -0.0297302
-2.75 14.25 18.25 0.797174 1.30573 0.992051 0.0854003 -0.0924198
-2.75 34.25 18.25 0.797174 1.05096 0.993731 -0.107772 -0.0297302
-3 34 18 0.793989 1.05414 0.379112 -0.903844 -0.198344
-3 34 -18 0.33539 1.05414 0.533618 -0.838128 0.113104
-2.75 34.25 18.25 0.797174 1.05096 0.993731 -0.107772 -0.0297302
-3 34 -18 0.33539 1.05414 0.533618 -0.838128 0.113104
-2.75 34.25 -18.25 0.332205 1.05096 0.991707 -0.0872227 0.0943916
-3 14.5 18 0.793989 1.30255 0.533618 0.838128 -0.113104
-2.75 14.25 18.25 0.797174 1.30573 0.992051 0.0854003 -0.0924198
-2.75 14.25 -18.25 0.332205 1.30573 0.997622 0.0664467 0.0183304
-3 34 18 0.793989 1.05414 0.523467 -0.2496 -0.814667
-2.75 14.25 18.25 0.797174 1.30573 0.992051 0.0854003 -0.0924198
-3 14.5 18 0.793989 1.30255 0.702669 0.553734 -0.446806
-2.75 12.75 18.25 0.797174 1.32484 0.997721 -0.0566224 -0.0367067
-2.75 14.25 -18.25 0.332205 1.30573 0.997622 0.0664467 0.0183304
-2.75 14.25 18.25 0.797174 1.30573 0.992051 0.0854003 -0.0924198
-3 14.5 18 0.793989 1.30255 0.533618 0.838128 -0.113104
-2.75 14.25 -18.25 0.332205 1.30573 0.997622 0.0664467 0.0183304
-3 14.5 -18 0.33539 1.30255 0.379112 0.903844 0.198344
-3 14.5 -18 0.33539 1.30255 0.523467 0.2496 0.814667
-2.75 14.25 -18.25 0.332205 1.30573 0.997622 0.0664467 0.0183304
-2.75 34.25 -18.25 0.332205 1.05096 0.991707 -0.0872227 0.0943916
-3 14.5 -18 0.33539 1.30255 0.523467 0.2496 0.814667
-2.75 34.25 -18.25 0.332205 1.05096 0.991707 -0.0872227 0.0943916
-3 34 -18 0.33539 1.05414 0.702669 -0.553734 0.446806
-3 12.5 -18 0.33539 1.32802 0.575603 -0.750712 0.32421
-2.75 12.75 18.25 0.797174 1.32484 0.997721 -0.0566224 -0.0367067
-3 12.5 18 0.793989 1.32802 0.671638 -0.560131 -0.484928
-3 12.5 18 0.793989 1.32802 0.417554 -0.116077 -0.901207
-2.75 12.75 18.25 0.797174 1.32484 0.997721 -0.0566224 -0.0367067
-2.75 -34.25 18.25 0.797174 1.92357 0.987584 0.0571263 -0.146337
-2.75 12.75 18.25 0.797174 1.32484 0.997721 -0.0566224 -0.0367067
-2.75 -35.75 19.75 0.816282 1.94267 0.996725 -0.0601214 0.0540713
-2.75 -34.25 18.25 0.797174 1.92357 0.987584 0.0571263 -0.146337
-3 12.5 18 0.793989 1.32802 0.417554 -0.116077 -0.901207
-2.75 -34.25 18.25 0.797174 1.92357 0.987584 0.0571263 -0.146337
-3 -34 18 0.793989 1.92038 0.603529 0.367696 -0.707498
-3 14.5 -18 0.890625 1.28676 0.318647 0 0.947874
-3 34 -18 0.890625 1 0.316228 0 0.948683
-3.5 34 -18 0.897978 1 0 0 1
-3 14.5 -18 0.890625 1.28676 0.318647 0 0.947874
-3.5 34 -18 0.897978 1 0 0 1
-3.5 14.5 -18 0.897978 1.28676 0 0 1
-3.5 -34 -18 0.897978 2 0 0 1
-3 -34 -18 0.890625 2 0.316228 -6.48555e-09 0.948683
-3 12.5 -18 0.890625 1.31618 0.317245 -6.47163e-09 0.948343
-3.5 -34 -18 0.897978 2 0 0 1
-3 12.5 -18 0.890625 1.31618 0.317245 -6.47163e-09 0.948343
-3.5 12.5 -18 0.897978 1.31618 0 0 1
-3 12.5 18 0.890625 1.31618 0.317245 -6.47163e-09 -0.948343
-3 -34 18 0.890625 2 0.316228 -6.48555e-09 -0.948683
-3.5 -34 18 0.897978 2 0 0 -1
-3 12.5 18 0.890625 1.31618 0.317245 -6.47163e-09 -0.948343
-3.5 -34 18 0.897978 2 0 0 -1
-3.5 12.5 18 0.897978 1.31618 0 0 -1
3 38.25 -22.25 0.945378 1 0 0 -1
3.875 38.25 -22.25 0.933594 1 0 0 -1
3.875 -36 -22.25 0.933594 2 0 0 -1
3 38.25 -22.25 0.945378 1 0 0 -1
3.875 -36 -22.25 0.933594 2 0 0 -1
3 -36 -22.25 0.945378 2 0 0 -1
3.875 38.25 -22.25 0.968117 1.76248 0 1 -0
3 38.25 -22.25 0.953125 1.76248 0 1 -0
3 38.25 22.25 0.953125 1 0 1 -0
3.875 38.25 -22.25 0.968117 1.76248 0 1 -0
3 38.25 22.25 0.953125 1 0 1 -0
3.875 38.25 22.25 0.968117 1 0 1 -0
-3 36 -20 0.108325 1.64004 0 -1 -0
3.44941 36 -20 0.206027 1.64004 0.0175401 -0.999846 8.89855e-10
3.44941 36 20 0.206027 1.03409 0.00459058 -0.999989 2.46258e-10
-3 36 -20 0.108325 1.64004 0 -1 -0
3.44941 36 20 0.206027 1.03409 0.00459058 -0.999989 2.46258e-10
-3 36 20 0.108325 1.03409 0 -1 -0
-3 -36 -20 0.108325 1.64004 0 1 -0
-3 -36 20 0.108325 1.03409 0 1 -0
3 -36 20 0.199219 1.03409 0 1 -0
-3 -36 -20 0.108325 1.64004 0 1 -0
3 -36 20 0.199219 1.03409 0 1 -0
3 -36 -20 0.199219 1.64004 0 1 -0
3.875 38.25 22.25 0.933594 1 0 0 1
3 38.25 22.25 0.945378 1 0 0 1
3 -36 22.25 0.945378 2 0 0 1
3.875 38.25 22.25 0.933594 1 0 0 1
3 -36 22.25 0.945378 2 0 0 1
3.875 -36 22.25 0.933594 2 0 0 1
4.81354 -37.25 -22.25 0.28125 1.96178 0.10397 -0.99458 4.45664e-09
4.94385 -37.1939 -22.25 0.28125 1.96107 0.793911 -0.608034 3.40354e-08
4.94385 -37.1939 22.25 0.848129 1.96107 0.608031 -0.793913 2.60682e-08
4.81354 -37.25 -22.25 0.28125 1.96178 0.10397 -0.99458 4.45664e-09
4.94385 -37.1939 22.25 0.848129 1.96107 0.608031 -0.793913 2.60682e-08
4.81354 -37.25 22.25 0.848129 1.96178 0.0319314 -0.99949 1.36864e-09
5 -37.0635 22.25 0.848129 1.95941 0.99845 -0.0556494 4.27966e-08
4.94385 -37.1939 22.25 0.848129 1.96107 0.608031 -0.793913 2.60682e-08
4.94385 -37.1939 -22.25 0.28125 1.96107 0.793911 -0.608034 3.40354e-08
5 -37.0635 22.25 0.848129 1.95941 0.99845 -0.0556494 4.27966e-08
4.94385 -37.1939 -22.25 0.28125 1.96107 0.793911 -0.608034 3.40354e-08
5 -37.0635 -22.25 0.28125 1.95941 0.99845 -0.0556494 4.27953e-08
5 -37.0635 22.25 0.848129 1.95941 0.99845 -0.0556494 4.27966e-08
5 -37.0635 -22.25 0.28125 1.95941 0.99845 -0.0556494 4.27953e-08
5 -36.1865 -22.25 0.28125 1.94824 0.99845 0.0556496 4.27966e-08
5 -37.0635 22.25 0.848129 1.95941 0.99845 -0.0556494 4.27966e-08
5 -36.1865 -22.25 0.28125 1.94824 0.99845 0.0556496 4.27966e-08
5 -36.1865 22.25 0.848129 1.94824 0.99845 0.0556496 4.27953e-08
5 -36.1865 -22.25 0.28125 1.94824 0.99845 0.0556496 4.27966e-08
4.94385 -36.0561 22.25 0.848129 1.94657 0.793907 0.608039 3.40352e-08
5 -36.1865 22.25 0.848129 1.94824 0.99845 0.0556496 4.27953e-08
5 -36.1865 -22.25 0.28125 1.94824 0.99845 0.0556496 4.27966e-08
4.94385 -36.0561 -22.25 0.28125 1.94657 0.608037 0.793909 2.60685e-08
4.94385 -36.0561 22.25 0.848129 1.94657 0.793907 0.608039 3.40352e-08
4.81354 -36 22.25 0.848129 1.94586 0.0288731 0.999583 1.2376e-09
4.94385 -36.0561 22.25 0.848129 1.94657 0.793907 0.608039 3.40352e-08
4.94385 -36.0561 -22.25 0.28125 1.94657 0.608037 0.793909 2.60685e-08
4.81354 -36 22.25 0.848129 1.94586 0.0288731 0.999583 1.2376e-09
4.94385 -36.0561 -22.25 0.28125 1.94657 0.608037 0.793909 2.60685e-08
4.81354 -36 -22.25 0.28125 1.94586 0.0288731 0.999583 1.23755e-09
4 -39.1578 22.25 0.848129 1.98609 0.998939 -0.0460452 4.28174e-08
3.90781 -39.25 22.25 0.848129 1.98726 0.220487 -0.97539 9.46063e-09
3.90781 -39.25 -22.25 0.28125 1.98726 0.474333 -0.880346 2.03417e-08
4 -39.1578 22.25 0.848129 1.98609 0.998939 -0.0460452 4.28174e-08
3.90781 -39.25 -22.25 0.28125 1.98726 0.474333 -0.880346 2.03417e-08
4 -39.1578 -22.25 0.28125 1.98609 0.998939 -0.0460452 4.28163e-08
4 -39.1578 22.25 0.848129 1.98609 0.998939 -0.0460452 4.28174e-08
4 -39.1578 -22.25 0.28125 1.98609 0.998939 -0.0460452 4.28163e-08
4 -37.25 -22.25 0.28125 1.96178 1 0 4.28618e-08
4 -39.1578 22.25 0.848129 1.98609 0.998939 -0.0460452 4.28174e-08
4 -37.25 -22.25 0.28125 1.96178 1 0 4.28618e-08
4 -37.25 22.25 0.848129 1.96178 1 0 4.28618e-08
3.56771 -40.25 -22.25 0.28125 2 0.364199 -0.931321 1.65581e-08
3.75 -40.0677 -22.25 0.28125 1.99768 0.983788 -0.179337 4.21395e-08
3.75 -40.0677 22.25 0.848129 1.99768 0.983788 -0.179337 4.26336e-08
3.56771 -40.25 -22.25 0.28125 2 0.364199 -0.931321 1.65581e-08
3.75 -40.0677 22.25 0.848129 1.99768 0.983788 -0.179337 4.26336e-08
3.5677 -40.25 22.25 0.848129 2 0.137033 -0.990567 6.60766e-09
3.75 -40.0677 22.25 0.848129 1.99768 0.983788 -0.179337 4.26336e-08
3.75 -40.0677 -22.25 0.28125 1.99768 0.983788 -0.179337 4.21395e-08
3.75 -39.25 -22.25 0.28125 1.98726 1 0 4.28618e-08
3.75 -40.0677 22.25 0.848129 1.99768 0.983788 -0.179337 4.26336e-08
3.75 -39.25 -22.25 0.28125 1.98726 1 0 4.28618e-08
3.75 -39.25 22.25 0.848129 1.98726 1 0 4.28618e-08
3.75 -39.25 -22.25 0.378719 1.39694 0 0 -1
4 -37.25 -22.25 0.375 1.36719 0 0 -1
4 -39.1578 -22.25 0.375 1.39557 0 0 -1
3.75 -39.25 -22.25 0.378719 1.39694 0 0 -1
4 -39.1578 -22.25 0.375 1.39557 0 0 -1
3.90781 -39.25 -22.25 0.376372 1.39694 0 0 -1
3.56771 -40.25 -22.25 0.381431 1.41182 0 0 -1
3.75 -39.25 -22.25 0.378719 1.39694 0 0 -1
3.75 -40.0677 -22.25 0.378719 1.40911 0 0 -1
3.75 -39.25 -22.25 0.378719 1.39694 0 0 -1
3.56771 -40.25 -22.25 0.381431 1.41182 0 0 -1
4 -37.25 -22.25 0.375 1.36719 0 0 -1
4 -37.25 -22.25 0.375 1.36719 0 0 -1
3.56771 -40.25 -22.25 0.381431 1.41182 0 0 -1
3 -40.25 -22.25 0.389877 1.41182 0 0 -1
4 -37.25 -22.25 0.375 1.36719 0 0 -1
3 -40.25 -22.25 0.389877 1.41182 0 0 -1
3 -36 -22.25 0.389877 1.34859 0 0 -1
4 -37.25 -22.25 0.375 1.36719 0 0 -1
3 -36 -22.25 0.389877 1.34859 0 0 -1
4.81354 -36 -22.25 0.362897 1.34859 0 0 -1
4 -37.25 -22.25 0.375 1.36719 0 0 -1
4.81354 -36 -22.25 0.362897 1.34859 0 0 -1
4.94385 -36.0561 -22.25 0.360958 1.34943 0 0 -1
4 -37.25 -22.25 0.375 1.36719 0 0 -1
4.94385 -36.0561 -22.25 0.360958 1.34943 0 0 -1
5 -36.1865 -22.25 0.360123 1.35136 0 0 -1
4 -37.25 -22.25 0.375 1.36719 0 0 -1
5 -36.1865 -22.25 0.360123 1.35136 0 0 -1
5 -37.0635 -22.25 0.360123 1.36441 0 0 -1
4 -37.25 -22.25 0.375 1.36719 0 0 -1
5 -37.0635 -22.25 0.360123 1.36441 0 0 -1
4.94385 -37.1939 -22.25 0.360958 1.36635 0 0 -1
4 -37.25 -22.25 0.375 1.36719 0 0 -1
4.94385 -37.1939 -22.25 0.360958 1.36635 0 0 -1
4.81354 -37.25 -22.25 0.362897 1.36719 0 0 -1
4.81354 -36 22.25 0.226692 1 0.0288731 0.999583 1.2376e-09
4.81354 -36 -22.25 0.226692 1.67413 0.0288731 0.999583 1.23755e-09
3 -36 -22.25 0.199219 1.67413 0 1 -0
4.81354 -36 22.25 0.226692 1 0.0288731 0.999583 1.2376e-09
3 -36 -22.25 0.199219 1.67413 0 1 -0
3 -36 22.25 0.199219 1 0 1 -0
4 -37.25 -22.25 0.970259 1.76248 0 -1 -0
4.81354 -37.25 -22.25 0.984199 1.76248 0.10397 -0.99458 4.45664e-09
4.81354 -37.25 22.25 0.984199 1 0.0319314 -0.99949 1.36864e-09
4 -37.25 -22.25 0.970259 1.76248 0 -1 -0
4.81354 -37.25 22.25 0.984199 1 0.0319314 -0.99949 1.36864e-09
4 -37.25 22.25 0.970259 1 0 -1 -0
3.75 -39.25 -22.25 0.28125 1.98726 0 -1 -0
3.90781 -39.25 -22.25 0.28125 1.98726 0.474333 -0.880346 2.03417e-08
3.90781 -39.25 22.25 0.848129 1.98726 0.220487 -0.97539 9.46063e-09
3.75 -39.25 -22.25 0.28125 1.98726 0 -1 -0
3.90781 -39.25 22.25 0.848129 1.98726 0.220487 -0.97539 9.46063e-09
3.75 -39.25 22.25 0.848129 1.98726 0 -1 -0
3 -40.25 -22.25 0.234375 1.57059 0 -1 -0
3.56771 -40.25 -22.25 0.241654 1.57059 0.364199 -0.931321 1.65581e-08
3.5677 -40.25 22.25 0.241654 1 0.137033 -0.990567 6.60766e-09
3 -40.25 -22.25 0.234375 1.57059 0 -1 -0
3.5677 -40.25 22.25 0.241654 1 0.137033 -0.990567 6.60766e-09
3 -40.25 22.25 0.234375 1 0 -1 -0
-5 -33 17 0.90625 1 0 1 -0
-3.5 -33 17 0.925269 1 0 1 -0
-3.5 -33 -17 0.925269 1.43111 0 1 -0
-5 -33 17 0.90625 1 0 1 -0
-3.5 -33 -17 0.925269 1.43111 0 1 -0
-5 -33 -17 0.90625 1.43111 0 1 -0
-3.5 11.5 17 0.925269 1 0 -1 -0
-5 11.5 17 0.90625 1 0 -1 -0
-5 11.5 -17 0.90625 1.43111 0 -1 -0
-3.5 11.5 17 0.925269 1 0 -1 -0
-5 11.5 -17 0.90625 1.43111 0 -1 -0
-3.5 11.5 -17 0.925269 1.43111 0 -1 -0
-5 15.5 17 0.90625 1 0 1 -0
-3.5 15.5 17 0.925269 1 0 1 -0
-3.5 15.5 -17 0.925269 1.43111 0 1 -0
-5 15.5 17 0.90625 1 0 1 -0
-3.5 15.5 -17 0.925269 1.43111 0 1 -0
-5 15.5 -17 0.90625 1.43111 0 1 -0
-3.5 33 17 0.925269 1 0 -1 -0
-5 33 17 0.90625 1 0 -1 -0
-5 33 -17 0.90625 1.43111 0 -1 -0
-3.5 33 17 0.925269 1 0 -1 -0
-5 33 -17 0.90625 1.43111 0 -1 -0
-3.5 33 -17 0.925269 1.43111 0 -1 -0
-5 33 17 0.882102 1 0 0 -1
-3.5 33 17 0.859375 1 0 0 -1
-3.5 15.5 17 0.859375 1.26515 0 0 -1
-5 33 17 0.882102 1 0 0 -1
-3.5 15.5 17 0.859375 1.26515 0 0 -1
-5 15.5 17 0.882102 1.26515 0 0 -1
-3.5 33 -17 0.859375 1 0 0 1
-5 33 -17 0.882102 1 0 0 1
-5 15.5 -17 0.882102 1.26515 0 0 1
-3.5 33 -17 0.859375 1 0 0 1
-5 15.5 -17 0.882102 1.26515 0 0 1
-3.5 15.5 -17 0.859375 1.26515 0 0 1
-5 11.5 17 0.882102 1.32576 0 0 -1
-3.5 11.5 17 0.859375 1.32576 0 0 -1
-3.5 -33 17 0.859375 2 0 0 -1
-5 11.5 17 0.882102 1.32576 0 0 -1
-3.5 -33 17 0.859375 2 0 0 -1
-5 -33 17 0.882102 2 0 0 -1
-3.5 11.5 -17 0.859375 1.32576 0 0 1
-5 11.5 -17 0.882102 1.32576 0 0 1
-5 -33 -17 0.882102 2 0 0 1
-3.5 11.5 -17 0.859375 1.32576 0 0 1
-5 -33 -17 0.882102 2 0 0 1
-3.5 -33 -17 0.859375 2 0 0 1
-3.5 11.5 -17 0.348129 1.34076 1 0 1.52588e-08
-3.5 -34 -18 0.33539 1.92038 1 -3.0037e-08 1.50185e-08
-3.5 12.5 -18 0.33539 1.32802 1 -8.18605e-09 2.45581e-08
-3.5 11.5 17 0.78125 1.34076 1 -8.32903e-09 4.16452e-08
-3.5 11.5 -17 0.348129 1.34076 1 0 1.52588e-08
-3.5 12.5 -18 0.33539 1.32802 1 -8.18605e-09 2.45581e-08
-3.5 11.5 17 0.78125 1.34076 1 -8.32903e-09 4.16452e-08
-3.5 12.5 -18 0.33539 1.32802 1 -8.18605e-09 2.45581e-08
-3.5 12.5 18 0.793989 1.32802 1 -3.0037e-08 1.50185e-08
-3.5 11.5 -17 0.348129 1.34076 1 0 1.52588e-08
-3.5 -33 -17 0.348129 1.90764 1 -8.32903e-09 4.16452e-08
-3.5 -34 -18 0.33539 1.92038 1 -3.0037e-08 1.50185e-08
-3.5 -33 -17 0.348129 1.90764 1 -8.32903e-09 4.16452e-08
-3.5 -34 18 0.793989 1.92038 1 -8.18605e-09 2.45581e-08
-3.5 -34 -18 0.33539 1.92038 1 -3.0037e-08 1.50185e-08
-3.5 -33 -17 0.348129 1.90764 1 -8.32903e-09 4.16452e-08
-3.5 -33 17 0.78125 1.90764 1 0 1.52588e-08
-3.5 -34 18 0.793989 1.92038 1 -8.18605e-09 2.45581e-08
-3.5 -33 17 0.78125 1.90764 1 0 1.52588e-08
-3.5 12.5 18 0.793989 1.32802 1 -3.0037e-08 1.50185e-08
-3.5 -34 18 0.793989 1.92038 1 -8.18605e-09 2.45581e-08
-3.5 -33 17 0.78125 1.90764 1 0 1.52588e-08
-3.5 11.5 17 0.78125 1.34076 1 -8.32903e-09 4.16452e-08
-3.5 12.5 18 0.793989 1.32802 1 -3.0037e-08 1.50185e-08
-3.5 12.5 18 0.246094 1 0 -1 -0
-3.5 12.5 -18 0.246094 2 0 -1 -0
-3 12.5 -18 0.259983 2 0.317541 -0.948244 1.67079e-08
-3.5 12.5 18 0.246094 1 0 -1 -0
-3 12.5 -18 0.259983 2 0.317541 -0.948244 1.67079e-08
-3 12.5 18 0.259983 1 0.316228 -0.948683 1.67544e-08
-3 14.5 -18 0.259983 2 0.196116 0.980581 1.03906e-08
-3.5 14.5 -18 0.246094 2 0 1 -0
-3.5 14.5 18 0.246094 1 0 1 -0
-3 14.5 -18 0.259983 2 0.196116 0.980581 1.03906e-08
-3.5 14.5 18 0.246094 1 0 1 -0
-3 14.5 18 0.259983 1 0.44845 0.893808 2.35959e-08
-3 34 18 0.890625 1 0.318647 0 -0.947874
-3 14.5 18 0.890625 1.28676 0.316228 0 -0.948683
-3.5 14.5 18 0.897978 1.28676 0 0 -1
-3 34 18 0.890625 1 0.318647 0 -0.947874
-3.5 14.5 18 0.897978 1.28676 0 0 -1
-3.5 34 18 0.897978 1 0 0 -1
-3 -34 -18 0.259983 2 0.196116 0.980581 1.03906e-08
-3.5 -34 -18 0.246094 2 0 1 -0
-3.5 -34 18 0.246094 1 0 1 -0
-3 -34 -18 0.259983 2 0.196116 0.980581 1.03906e-08
-3.5 -34 18 0.246094 1 0 1 -0
-3 -34 18 0.259983 1 0.44845 0.893808 2.35959e-08
-3 36 20 0.089575 1 0 0 -1
3.44941 36 20 0 1 0.0175222 -9.57148e-10 -0.999846
3.44941 -36 20 0 2 0.00846456 -4.48468e-10 -0.999964
-3 36 20 0.089575 1 0 0 -1
3.44941 -36 20 0 2 0.00846456 -4.48468e-10 -0.999964
3 -36 20 0.006242 2 0 0 -1
-3 36 20 0.089575 1 0 0 -1
3 -36 20 0.006242 2 0 0 -1
-3 -36 20 0.089575 2 0 0 -1
3.875 38 -22 0.284435 1.00319 0.977136 -0.0606831 0.203771
3.75 -36 -21.75 0.287619 1.94586 0.980542 -5.06839e-08 0.196308
3.875 -36 -22 0.284435 1.94586 0.986424 -5.07929e-08 0.164219
3.875 38.25 -22.25 0.28125 1 1 -2.96864e-08 -9.89545e-09
3.875 38 -22 0.284435 1.00319 0.977136 -0.0606831 0.203771
3.875 -36 -22 0.284435 1.94586 0.986424 -5.07929e-08 0.164219
3.875 38.25 -22.25 0.28125 1 1 -2.96864e-08 -9.89545e-09
3.875 -36 -22 0.284435 1.94586 0.986424 -5.07929e-08 0.164219
3.875 -36 -22.25 0.28125 1.94586 1 -5.13764e-08 -0
3.875 38 -22 0.284435 1.00319 0.977136 -0.0606831 0.203771
3.75 37.75 -21.75 0.287619 1.00637 0.996959 -0.059586 0.0502225
3.75 -36 -21.75 0.287619 1.94586 0.980542 -5.06839e-08 0.196308
3.75 37.75 -21.75 0.287619 1.00637 0.996959 -0.059586 0.0502225
3.75 -36 -21 0.297174 1.94586 0.997481 -5.1896e-08 -0.0709363
3.75 -36 -21.75 0.287619 1.94586 0.980542 -5.06839e-08 0.196308
3.75 37.75 -21.75 0.287619 1.00637 0.996959 -0.059586 0.0502225
3.875 38 -22 0.284435 1.00319 0.977136 -0.0606831 0.203771
3.875 38 22 0.844944 1.00319 0.987135 -0.122084 -0.103248
3.75 37.75 -21.75 0.287619 1.00637 0.996959 -0.059586 0.0502225
3.875 38 22 0.844944 1.00319 0.987135 -0.122084 -0.103248
3.75 37.75 21.75 0.84176 1.00637 0.99344 -0.032298 -0.109702
3.75 37 -21 0.297174 1.01592 0.993526 0.0314573 -0.109164
3.75 37.75 -21.75 0.287619 1.00637 0.996959 -0.059586 0.0502225
3.75 37.75 21.75 0.84176 1.00637 0.99344 -0.032298 -0.109702
3.75 37.75 -21.75 0.287619 1.00637 0.996959 -0.059586 0.0502225
3.75 37 -21 0.297174 1.01592 0.993526 0.0314573 -0.109164
3.75 -36 -21 0.297174 1.94586 0.997481 -5.1896e-08 -0.0709363
3.75 37 -21 0.297174 1.01592 0.993526 0.0314573 -0.109164
3.875 -36 -20.75 0.300358 1.94586 0.956912 -5.01241e-08 -0.290377
3.75 -36 -21 0.297174 1.94586 0.997481 -5.1896e-08 -0.0709363
3.75 37 -21 0.297174 1.01592 0.993526 0.0314573 -0.109164
3.75 37.75 21.75 0.84176 1.00637 0.99344 -0.032298 -0.109702
3.75 37 21 0.832205 1.01592 0.997069 0.0575961 0.0503536
3.875 36.75 -20.75 0.300358 1.01911 0.990483 0.103774 -0.090414
3.75 37 -21 0.297174 1.01592 0.993526 0.0314573 -0.109164
3.75 37 21 0.832205 1.01592 0.997069 0.0575961 0.0503536
3.75 37 -21 0.297174 1.01592 0.993526 0.0314573 -0.109164
3.875 36.75 -20.75 0.300358 1.01911 0.990483 0.103774 -0.090414
3.875 -36 -20.75 0.300358 1.94586 0.956912 -5.01241e-08 -0.290377
3.75 37 21 0.832205 1.01592 0.997069 0.0575961 0.0503536
3.75 37.75 21.75 0.84176 1.00637 0.99344 -0.032298 -0.109702
3.75 -36 21.75 0.84176 1.94586 0.997436 -5.18179e-08 -0.0715573
3.75 37.75 21.75 0.84176 1.00637 0.99344 -0.032298 -0.109702
3.875 -36 22 0.844944 1.94586 0.948737 -4.89625e-08 -0.316067
3.75 -36 21.75 0.84176 1.94586 0.997436 -5.18179e-08 -0.0715573
3.75 37.75 21.75 0.84176 1.00637 0.99344 -0.032298 -0.109702
3.875 38 22 0.844944 1.00319 0.987135 -0.122084 -0.103248
3.875 -36 22 0.844944 1.94586 0.948737 -4.89625e-08 -0.316067
3.875 36.75 -20.75 0.300358 1.01911 0.990483 0.103774 -0.090414
3.75 37 21 0.832205 1.01592 0.997069 0.0575961 0.0503536
3.875 36.75 20.75 0.829021 1.01911 0.981508 0.0524208 0.184105
3.875 36.75 20.75 0.829021 1.01911 0.981508 0.0524208 0.184105
3.75 37 21 0.832205 1.01592 0.997069 0.0575961 0.0503536
3.75 -36 21 0.832205 1.94586 0.980619 -5.12785e-08 0.195922
3.75 37 21 0.832205 1.01592 0.997069 0.0575961 0.0503536
3.75 -36 21.75 0.84176 1.94586 0.997436 -5.18179e-08 -0.0715573
3.75 -36 21 0.832205 1.94586 0.980619 -5.12785e-08 0.195922
3.875 36.4256 -20.4256 0.304491 1.02324 0.994907 -0.0273952 0.0969975
3.875 36.75 -20.75 0.300358 1.01911 0.990483 0.103774 -0.090414
3.875 36.75 20.75 0.829021 1.01911 0.981508 0.0524208 0.184105
3.875 36.75 -20.75 0.300358 1.01911 0.990483 0.103774 -0.090414
3.875 36.4256 -20.4256 0.304491 1.02324 0.994907 -0.0273952 0.0969975
3.875 -36 -20.4256 0.304491 1.94586 0.997566 -5.24537e-08 0.0697339
3.875 36.75 -20.75 0.300358 1.01911 0.990483 0.103774 -0.090414
3.875 -36 -20.4256 0.304491 1.94586 0.997566 -5.24537e-08 0.0697339
3.875 -36 -20.75 0.300358 1.94586 0.956912 -5.01241e-08 -0.290377
3.875 36.4256 -20.4256 0.304491 1.02324 0.994907 -0.0273952 0.0969975
3.875 36.75 20.75 0.829021 1.01911 0.981508 0.0524208 0.184105
3.875 36.4256 20.4256 0.824888 1.02324 0.997513 -0.0526221 -0.046889
3.875 36.4256 20.4256 0.824888 1.02324 0.997513 -0.0526221 -0.046889
3.875 36.75 20.75 0.829021 1.01911 0.981508 0.0524208 0.184105
3.875 -36 20.75 0.829021 1.94586 0.990437 -5.2018e-08 0.137964
3.875 36.75 20.75 0.829021 1.01911 0.981508 0.0524208 0.184105
3.75 -36 21 0.832205 1.94586 0.980619 -5.12785e-08 0.195922
3.875 -36 20.75 0.829021 1.94586 0.990437 -5.2018e-08 0.137964
3.875 36.4256 20.4256 0.824888 1.02324 0.997513 -0.0526221 -0.046889
3.81482 36.2149 -20.2149 0.307174 1.02592 0.90343 -0.165334 0.395574
3.875 36.4256 -20.4256 0.304491 1.02324 0.994907 -0.0273952 0.0969975
3.875 36.4256 -20.4256 0.304491 1.02324 0.994907 -0.0273952 0.0969975
3.81482 36.2149 -20.2149 0.307174 1.02592 0.90343 -0.165334 0.395574
3.81482 -36 -20.2149 0.307174 1.94586 0.902441 -4.95229e-08 0.430813
3.875 36.4256 -20.4256 0.304491 1.02324 0.994907 -0.0273952 0.0969975
3.81482 -36 -20.2149 0.307174 1.94586 0.902441 -4.95229e-08 0.430813
3.875 -36 -20.4256 0.304491 1.94586 0.997566 -5.24537e-08 0.0697339
3.875 36.4256 20.4256 0.824888 1.02324 0.997513 -0.0526221 -0.046889
3.81482 36.2149 20.2149 0.822205 1.02592 0.929533 -0.221134 -0.295073
3.81482 36.2149 -20.2149 0.307174 1.02592 0.90343 -0.165334 0.395574
3.875 -36 20.4256 0.824888 1.94586 0.987239 -5.20441e-08 -0.159248
3.81482 36.2149 20.2149 0.822205 1.02592 0.929533 -0.221134 -0.295073
3.875 36.4256 20.4256 0.824888 1.02324 0.997513 -0.0526221 -0.046889
3.875 36.4256 20.4256 0.824888 1.02324 0.997513 -0.0526221 -0.046889
3.875 -36 20.75 0.829021 1.94586 0.990437 -5.2018e-08 0.137964
3.875 -36 20.4256 0.824888 1.94586 0.987239 -5.20441e-08 -0.159248
3.66006 36.0602 -20.0602 0.309146 1.0279 0.598326 -0.360646 0.7155
3.81482 36.2149 -20.2149 0.307174 1.02592 0.90343 -0.165334 0.395574
3.81482 36.2149 20.2149 0.822205 1.02592 0.929533 -0.221134 -0.295073
3.66006 -36 -20.0602 0.309146 1.94586 0.579416 -3.25726e-08 0.815032
3.81482 36.2149 -20.2149 0.307174 1.02592 0.90343 -0.165334 0.395574
3.66006 36.0602 -20.0602 0.309146 1.0279 0.598326 -0.360646 0.7155
3.66006 -36 -20.0602 0.309146 1.94586 0.579416 -3.25726e-08 0.815032
3.81482 -36 -20.2149 0.307174 1.94586 0.902441 -4.95229e-08 0.430813
3.81482 36.2149 -20.2149 0.307174 1.02592 0.90343 -0.165334 0.395574
3.66006 36.0602 -20.0602 0.309146 1.0279 0.598326 -0.360646 0.7155
3.81482 36.2149 20.2149 0.822205 1.02592 0.929533 -0.221134 -0.295073
3.66006 36.0602 20.0602 0.820233 1.0279 0.650237 -0.398236 -0.646993
3.66006 36.0602 20.0602 0.820233 1.0279 0.650237 -0.398236 -0.646993
3.81482 36.2149 20.2149 0.822205 1.02592 0.929533 -0.221134 -0.295073
3.81482 -36 20.2149 0.822205 1.94586 0.815176 -4.38954e-08 -0.579214
3.875 -36 20.4256 0.824888 1.94586 0.987239 -5.20441e-08 -0.159248
3.81482 -36 20.2149 0.822205 1.94586 0.815176 -4.38954e-08 -0.579214
3.81482 36.2149 20.2149 0.822205 1.02592 0.929533 -0.221134 -0.295073
3.66006 36.0602 20.0602 0.820233 1.0279 0.650237 -0.398236 -0.646993
3.81482 -36 20.2149 0.822205 1.94586 0.815176 -4.38954e-08 -0.579214
3.66006 -36 20.0602 0.820233 1.94586 0.431006 -2.39368e-08 -0.902349
3.44941 36 20 0.819467 1.02866 0.0175222 -9.57148e-10 -0.999846
3.66006 -36 20.0602 0.820233 1.94586 0.431006 -2.39368e-08 -0.902349
3.44941 -36 20 0.819467 1.94586 0.00846456 -4.48468e-10 -0.999964
3.44941 36 20 0.819467 1.02866 0.0175222 -9.57148e-10 -0.999846
3.66006 36.0602 20.0602 0.820233 1.0279 0.654078 -0.123537 -0.746271
3.66006 -36 20.0602 0.820233 1.94586 0.431006 -2.39368e-08 -0.902349
3.44941 -36 -20 0.309912 1.94586 0.136964 -7.70821e-09 0.990576
3.66006 -36 -20.0602 0.309146 1.94586 0.579416 -3.25726e-08 0.815032
3.66006 36.0602 -20.0602 0.309146 1.0279 0.597513 -0.230688 0.767959
3.44941 -36 -20 0.309912 1.94586 0.136964 -7.70821e-09 0.990576
3.66006 36.0602 -20.0602 0.309146 1.0279 0.597513 -0.230688 0.767959
3.44941 36 -20 0.309912 1.02866 0.00459072 -2.58427e-10 0.999989
3.875 38 22 0.844944 1.00319 0.987135 -0.122084 -0.103248
3.875 -36 22.25 0.848129 1.94586 1 -5.1463e-08 2.57315e-08
3.875 -36 22 0.844944 1.94586 0.948737 -4.89625e-08 -0.316067
3.875 38 22 0.844944 1.00319 0.987135 -0.122084 -0.103248
3.875 38.25 22.25 0.848129 1 1 -2.3439e-08 4.6878e-08
3.875 -36 22.25 0.848129 1.94586 1 -5.1463e-08 2.57315e-08
3.875 38 -22 0.284435 1.00319 0.977136 -0.0606831 0.203771
3.875 38.25 22.25 0.848129 1 1 -2.3439e-08 4.6878e-08
3.875 38 22 0.844944 1.00319 0.987135 -0.122084 -0.103248
3.875 38 -22 0.284435 1.00319 0.977136 -0.0606831 0.203771
3.875 38.25 -22.25 0.28125 1 1 -2.96864e-08 -9.89545e-09
3.875 38.25 22.25 0.848129 1 1 -2.3439e-08 4.6878e-08
3.44941 36 -20 0.309912 1.02866 0.0175401 -0.999846 8.89855e-10
3.66006 36.0602 -20.0602 0.309146 1.0279 0.739397 -0.594108 0.316745
3.66006 36.0602 20.0602 0.820233 1.0279 0.720387 -0.498554 -0.482169
3.44941 36 -20 0.309912 1.02866 0.0175401 -0.999846 8.89855e-10
3.66006 36.0602 20.0602 0.820233 1.0279 0.720387 -0.498554 -0.482169
3.44941 36 20 0.819467 1.02866 0.00459058 -0.999989 2.46258e-10
-3.5 15.5 17 0.78125 1.28981 1 2.68641e-08 2.68641e-08
-3.5 33 17 0.78125 1.06688 1 0 4.35965e-08
-3.5 34 18 0.793989 1.05414 1 -2.61281e-08 2.61281e-08
-3.5 33 17 0.78125 1.06688 1 0 4.35965e-08
-3.5 34 -18 0.33539 1.05414 1 0 4.26223e-08
-3.5 34 18 0.793989 1.05414 1 -2.61281e-08 2.61281e-08
-3.5 15.5 17 0.78125 1.28981 1 2.68641e-08 2.68641e-08
-3.5 34 18 0.793989 1.05414 1 -2.61281e-08 2.61281e-08
-3.5 14.5 18 0.793989 1.30255 1 0 4.26223e-08
-3.5 15.5 -17 0.348129 1.28981 1 0 4.35965e-08
-3.5 15.5 17 0.78125 1.28981 1 2.68641e-08 2.68641e-08
-3.5 14.5 18 0.793989 1.30255 1 0 4.26223e-08
-3.5 15.5 -17 0.348129 1.28981 1 0 4.35965e-08
-3.5 14.5 18 0.793989 1.30255 1 0 4.26223e-08
-3.5 14.5 -18 0.33539 1.30255 1 -2.61281e-08 2.61281e-08
-3.5 33 -17 0.348129 1.06688 1 2.68641e-08 2.68641e-08
-3.5 15.5 -17 0.348129 1.28981 1 0 4.35965e-08
-3.5 14.5 -18 0.33539 1.30255 1 -2.61281e-08 2.61281e-08
-3.5 33 -17 0.348129 1.06688 1 2.68641e-08 2.68641e-08
-3.5 14.5 -18 0.33539 1.30255 1 -2.61281e-08 2.61281e-08
-3.5 34 -18 0.33539 1.05414 1 0 4.26223e-08
-3.5 33 17 0.78125 1.06688 1 0 4.35965e-08
-3.5 33 -17 0.348129 1.06688 1 2.68641e-08 2.68641e-08
-3.5 34 -18 0.33539 1.05414 1 0 4.26223e-08
3 -36 22.25 0.389877 1.34859 0 0 1
3 -40.25 22.25 0.389877 1.41182 0 0 1
3.5677 -40.25 22.25 0.381431 1.41182 0 0 1
3 -36 22.25 0.389877 1.34859 0 0 1
3.5677 -40.25 22.25 0.381431 1.41182 0 0 1
3.75 -40.0677 22.25 0.378719 1.40911 0 0 1
3 -36 22.25 0.389877 1.34859 0 0 1
3.75 -40.0677 22.25 0.378719 1.40911 0 0 1
3.75 -39.25 22.25 0.378719 1.39694 0 0 1
3 -36 22.25 0.389877 1.34859 0 0 1
3.75 -39.25 22.25 0.378719 1.39694 0 0 1
3.90781 -39.25 22.25 0.376372 1.39694 0 0 1
3 -36 22.25 0.389877 1.34859 0 0 1
3.90781 -39.25 22.25 0.376372 1.39694 0 0 1
4 -39.1578 22.25 0.375 1.39557 0 0 1
3 -36 22.25 0.389877 1.34859 0 0 1
4 -39.1578 22.25 0.375 1.39557 0 0 1
4 -37.25 22.25 0.375 1.36719 0 0 1
3 -36 22.25 0.389877 1.34859 0 0 1
4 -37.25 22.25 0.375 1.36719 0 0 1
4.81354 -37.25 22.25 0.362897 1.36719 0 0 1
3 -36 22.25 0.389877 1.34859 0 0 1
4.81354 -37.25 22.25 0.362897 1.36719 0 0 1
4.94385 -37.1939 22.25 0.360958 1.36635 0 0 1
3 -36 22.25 0.389877 1.34859 0 0 1
4.94385 -37.1939 22.25 0.360958 1.36635 0 0 1
5 -37.0635 22.25 0.360123 1.36441 0 0 1
3 -36 22.25 0.389877 1.34859 0 0 1
5 -37.0635 22.25 0.360123 1.36441 0 0 1
5 -36.1865 22.25 0.360123 1.35136 0 0 1
3 -36 22.25 0.389877 1.34859 0 0 1
5 -36.1865 22.25 0.360123 1.35136 0 0 1
4.94385 -36.0561 22.25 0.360958 1.34943 0 0 1
3 -36 22.25 0.389877 1.34859 0 0 1
4.94385 -36.0561 22.25 0.360958 1.34943 0 0 1
4.81354 -36 22.25 0.362897 1.34859 0 0 1
